[INFO] [1644937792.245949, 0.000000]: (0.53, 0.0, 1.0)
[INFO] [1644937792.246457, 0.000000]: (0.0, -0.53, 2.0)
[INFO] [1644937792.246951, 0.000000]: (0.0, 0.53, 3.0)
[INFO] [1644937792.247414, 0.000000]: (-0.53, 0.0, 4.0)
[INFO] [1644937792.247884, 0.000000]: (0.53, 0.0, 1.0)
[INFO] [1644937792.248337, 0.000000]: (0.0, -0.53, 2.0)
[INFO] [1644937792.248782, 0.000000]: (0.0, 0.53, 3.0)
[INFO] [1644937792.249247, 0.000000]: (-0.53, 0.0, 4.0)
[INFO] [1644937792.249696, 0.000000]: (0.53, 0.0, 1.0)
[INFO] [1644937792.250150, 0.000000]: (-0.53, 0.0, 4.0)
[INFO] [1644937792.250598, 0.000000]: (0.0, 0.53, 3.0)
[INFO] [1644937792.251082, 0.000000]: (0.0, -0.53, 2.0)
[INFO] [1644937792.251534, 0.000000]: (0.53, 0.0, 1.0)
[INFO] [1644937792.251992, 0.000000]: (-0.53, 0.0, 4.0)
[INFO] [1644937792.252428, 0.000000]: (0.0, 0.53, 3.0)
[INFO] [1644937792.252877, 0.000000]: (0.0, -0.53, 2.0)
[INFO] [1644937792.253309, 0.000000]: (0.53, 0.0, 1.0)
